//前两个字符为“//”的是注释行，程序将不会读取
//坐标格式为：
//横坐标.纵坐标
//例如：
//11.11
//【注意】每行只能写一个点坐标
//【注意】分隔符是小数点“.” 不要用“。”等其他符号
//【注意】点坐标是指点在整个绘图区的绝对位置
//本文件的文件名必须为：
//locs.txt
//请注意核对
//开源在https://github.com/longfish-sama/drawOnmyoji
//祝使用愉快~
//博
275.25
275.26
275.27
275.28
275.29
275.30
275.31
275.32
275.33
275.34
275.35
275.36
274.28
277.27
277.28
277.29
277.30
277.31
278.27
279.27
280.27
280.26
280.25
281.27
288.27
282.25
282.28
282.29
282.30
282.31
280.28
280.29
279.29
280.30
280.31
279.31
281.32
277.33
278.33
279.33
280.33
281.33
282.33
283.33
281.34
281.35
281.36
280.36
279.35
//请
285.28
285.29
285.30
285.31
285.32
285.33
285.34
286.34
287.34
287.33
287.32
287.31
287.30
287.29
287.28
287.27
286.27
288.26
289.26
290.26
291.26
292.26
290.25
290.27
289.28
290.28
291.28
292.28
290.29
288.30
289.30
290.30
291.30
292.30
289.32
289.33
289.34
289.35
289.36
290.32
291.32
292.32
292.33
292.34
292.35
292.36
291.34
290.34